10,117
10,311
10,287
10,259
10,69
10,123
10,137
10,231
10,3
11,29
11,19
11,13
11,2
11,3
8,9
8,15
8,6
8,14
8,16
8,11
0,318
12,2
12,1
12,3
35,10
35,9
35,8
35,7
35,6
35,5
35,4
35,3
35,2
35,1
35,0
34,5
34,4
34,3
34,2
34,1
34,0
33,34
33,33
33,32
33,31
33,30
33,29
33,28
33,27
33,26
33,25
33,24
33,23
33,22
33,21
33,20
33,19
33,18
33,17
33,16
33,15
33,14
33,13
33,12
33,11
33,10
33,9
33,8
33,7
33,6
33,5
33,4
33,3
33,2
33,1
33,0
32,4
32,3
32,2
32,1
31,5
31,4
31,3
31,1
30,5
30,4
30,3
30,2
30,1
29,4
29,3
29,2
29,1
28,5
28,4
28,3
28,2
28,1
27,5
19,2
27,4
27,3
19,1
27,2
19,3
27,1
26,4
26,3
26,1
25,5
25,4
25,3
25,2
25,1
24,5
24,4
24,3
24,1
20,3
20,2
20,1
14,5
11,27
11,25
